    0.3340    1.0060
    0.2520    0.6790
    0.2450    0.7140
    0.2390    0.7450
    0.2450    0.7860
    0.2540    0.8230
    0.2630    0.8660
    0.2720    0.9070
    0.2940    0.9480
    0.2990    0.9870
    0.6380    0.6790
    0.6340    0.7280
    0.6330    0.7670
    0.6300    0.8110
    0.6200    0.8510
    0.5830    0.8830
    0.5390    0.9220
    0.4840    0.9540
    0.4350    0.9850
    0.2736    0.6699
    0.2656    0.6501
    0.2461    0.6591
    0.2614    0.6679
    0.2909    0.6611
    0.2656    0.6464
    0.2994    0.6531
    0.2649    0.6374
    0.2521    0.6389
    0.2881    0.6414
    0.2364    0.6094
    0.2459    0.6079
    0.2564    0.6044
    0.2694    0.6036
    0.2849    0.6006
    0.2456    0.5976
    0.2584    0.5909
    0.2719    0.5921
    0.2793    0.8688
    0.3177    0.8992
    0.2968    0.8652
    0.2878    0.8838
    0.3033    0.8952
    0.3608    0.8588
    0.3767    0.8782
    0.3498    0.8928
    0.3232    0.8632
    0.3917    0.8598
    0.3207    0.8552
    0.3008    0.8303
    0.2853    0.8448
    0.2993    0.8598
    0.3282    0.8263
    0.3643    0.8408
    0.3573    0.8528
    0.3142    0.8267
	-1        -1
	-1        -1
	-1        -1
    0.3503    0.6368
    0.3723    0.7232
    0.3302    0.7702
    0.3103    0.7857
	-1        -1
    0.3772    0.7722
    0.2737    0.7518
    0.4188    0.6422
    0.4158    0.6198
    0.3822    0.6378
    0.4013    0.6428
    0.4472    0.6392
    0.4138    0.6152
    0.4803    0.6268
    0.4163    0.6018
    0.3937    0.6172
    0.4527    0.6092
    0.3503    0.5717
    0.3792    0.5707
    0.4028    0.5673
    0.4273    0.5677
    0.4627    0.5667
    0.3772    0.5567
    0.4008    0.5503
    0.4303    0.5527