  272.2500  978.7500
  -1	    -1
  -1        -1
  -1        -1
  -1        -1
  -1        -1
  -1        -1
  -1        -1
  -1        -1
  -1        -1
  581.7500  701.2500
  581.7500  753.7500
  580.2500  800.2500
  556.2500  843.7500
  524.7500  870.7500
  452.7500  927.7500
  410.7500  956.2500
  352.2500  978.7500
  250.2500  638.2500
  -1        -1
  -1        -1
  -1        -1
  -1        -1
  -1        -1
  -1        -1
  -1        -1
  245.2500  609.2500
  -1        -1
  -1        -1
  -1        -1
  -1        -1
  262.2500  595.2500	eyebrow middle
  -1        -1
  245.7500  587.2500	right corner
  -1        -1
  247.7500  876.7500	upper_middle
  -1        -1
  -1        -1
  286.7500  845.7500	mouth_lower_lip_bottom
  -1        -1
  -1        -1
  -1        -1
  304.7500  865.2500
  286.2500  878.7500
  250.7500  850.2500
  332.2500  851.2500
  252.2500  843.2500 
  267.2500  813.2500
  -1        -1 
  -1        -1
  -1        -1
  -1        -1
  299.2500  826.2500
  285.7500  839.7500
  250.2500  824.2500
  251.2500  776.7500
  -1        -1
  -1        -1
  -1        -1
  313.2500  631.2500
  308.2500  708.2500
  275.7500  769.7500
  310.2500  761.2500
  -1        -1			nose_left
  212.2500  747.2500
  350.2500  638.2500
  342.7500  620.2500
  328.2500  636.2500
  338.7500  639.2500
  372.2500  631.7500
  340.7500  618.2500
  403.7500  618.2500
  342.7500  601.7500
  326.2500  613.7500
  379.2500  607.2500
  294.7500  577.2500
  328.7500  568.7500
  361.7500  564.7500
  393.2500  562.2500
  434.7500  561.7500
  320.7500  551.2500
  359.7500  542.7500
  399.2500  543.2500