    0.5518    1.1132
    0.2982    0.8476
    0.2997    0.8956
    0.3072    0.9421
    0.3162    0.9871
    0.3402    1.0427
    0.3657    1.0802
    0.4032    1.1132
    0.4497    1.1327
    0.5038    0.7936
	-1        -1
	-1        -1
	-1        -1
	-1        -1
	-1        -1 
	-1        -1 
	-1        -1 
	-1        -1
	-1        -1 
    0.5043    0.7708
    0.4452    0.7748
    0.4753    0.7827
    0.5178    0.7913
    0.5098    0.7718
    0.5273    0.7823
    0.5048    0.7582
    0.4788    0.7608
    0.5238    0.7668
    0.4288    0.7368
    0.4643    0.7288
    0.5052    0.7248
    0.5337    0.7292
    0.5593    0.7372
    0.4577    0.7133
    0.4993    0.7043
    0.5363    0.7138
    0.5118    0.9838	
    0.5888    1.0213
    0.5597    0.9908
    0.5337    1.0093
    0.5597    1.0217
    0.5948    0.9938
	-1        -1 
	-1        -1 
	-1        -1 		mouth_lower_lip_right_contour3
    0.5928    0.9852
	-1        -1 		mouth_right_corner
	-1        -1 
    0.5733    0.9487	mouth_upper_lip_left_contour1
    0.5497    0.9607
    0.5577    0.9848
	-1        -1 
	-1        -1 
	-1        -1 
    0.5982    0.9617	mouth_upper_lip_top
    0.5583    0.7877	nose_contour_left1
    0.5467    0.8518
    0.5713    0.9058
    0.6018    0.9183	nose_contour_lower_middle
	-1        -1 
	-1        -1 
	-1        -1 
    0.5317    0.8888	nose_left
	-1        -1 		nose_right
    0.6258    0.8932	nose_tip
	-1        -1 		right_eye_bottom
    0.6122    0.7973	right_eye_center
	-1        -1 
	-1        -1 
	-1        -1 
	-1        -1 
	-1        -1 
	-1        -1 
	-1        -1
	-1        -1 
    0.5938    0.7558	right_eyebrow_left_corner
	-1        -1 
    0.6162    0.7622	right_eyebrow_lower_middle
	-1        -1 
	-1        -1 
	-1        -1 
    0.6158    0.7458	right_eyebrow_upper_middle
	-1        -1 