    0.5000    1.0970
    0.2820    0.8560
    0.2830    0.8890
    0.2870    0.9230
    0.2920    0.9590
    0.3060    0.9970
    0.3320    1.0400
    0.3700    1.0750
    0.4180    1.0930
    0.4630    1.0970
    0.5960    0.8300
    0.5990    0.8610
    0.6010    0.8970
    0.5910    0.9300
    0.5860    0.9560
    0.5770    0.9920
    0.5670    1.0200
    0.5560    1.0490
    0.5430    1.0790
    0.4520    0.7990
    0.4554    0.7826
    0.4036    0.7866
    0.4264    0.7959
    0.4691    0.7974
    0.4541    0.7794
    0.4806    0.7966
    0.4544    0.7701
    0.4251    0.7741
    0.4689    0.7759
    0.3836    0.7499
    0.4141    0.7439
    0.4519    0.7396
    0.4831    0.7454
    0.5094    0.7526
    0.4111    0.7319
    0.4501    0.7269
    0.4841    0.7331
    0.4552    0.9673
    0.5263    1.0043
    0.4948    0.9738
    0.4798    0.9858
    0.5017    0.9992
    0.5487    0.9772
    0.5523    0.9928
    0.5457    1.0043
    0.5268    0.9752
    0.5643    0.9792
    0.5273    0.9688
    0.5192    0.9427
    0.4938    0.9537
    0.4958    0.9678
    0.5383    0.9483
    0.5563    0.9627
    0.5487    0.9712
    0.5298    0.9437
    0.5043    0.7913
    0.4928    0.8598
    0.5188    0.9033
    0.5453    0.9183
	-1		  -1
	-1	      -1
	-1        -1
    0.4803    0.8972
	-1        -1
    0.5643    0.8928
    0.5757    0.8197
    0.5763    0.8053
    0.5497    0.8103
    0.5653    0.8187
    0.5918    0.8217
    0.5793    0.8083
    0.5962    0.8177
    0.5807    0.7953
    0.5597    0.7997
    0.5962    0.8073
    0.5537    0.7618
    0.5723    0.7642
    0.5864    0.7684
    0.5971    0.7736
    0.6046    0.7804
    0.5709    0.7561
    0.5881    0.7541
    0.5996    0.7651